3
¨
Sessie overzicht
Pos.    Kart    Piloot  Rondes  Snelste ronde   Afstand Gem.
1

10

JORDI 91        18      34.828          35.606
2

21

BRAMBIX 18      34.905  0.077   35.566
3

9

¨       18      35.674  0.846   36.846
4

11

@       18      36.380  1.552   37.337
Rondetijden per piloot
Kart    Piloot  1       2       3       4       5       6       7       8       9       10

10

JORDI 91        36.318  37.711  35.814  36.529  35.583  35.423  35.582  36.038  35.307  35.469
35.209  35.504  35.184  35.169  35.054  35.077  35.117  34.828

21

BRAMBIX 36.072  36.888  35.595  35.709  35.603  36.309  35.456  36.083  35.602  35.380
35.112  35.374  35.307  35.169  35.034  35.624  34.983  34.905

9

¨       38.542  37.536  37.183  37.460  37.088  37.059  36.578  36.947  36.757  36.774
36.372  36.957  37.389  36.301  35.674  36.513  36.037  36.062

11

@       38.923  39.987  37.606  37.358  37.397  36.975  36.799  36.598  37.004  37.138
36.958  38.540  37.781  36.630  36.883  36.453  36.671  36.380
Overzicht van je rondetijden 270cc
Ronde           Tijd    Afstand
1               38.542  2.868
2               37.536  1.862
3               37.183  1.509
4               37.460  1.786
5               37.088  1.414
6               37.059  1.385
7               36.578  0.904
8               36.947  1.273
9               36.757  1.083
10              36.774  1.100
11              36.372  0.698
12              36.957  1.283
13              37.389  1.715
14              36.301  0.627
15              35.674
16              36.513  0.839
17              36.037  0.363
18              36.062  0.388
Je laatste sessie's 270cc
Pos.    Datum   Snelste ronde   Rondes
3       24/10/2025      35.674  18

















Beste tijden van deze week 270cc
#       Piloot  Snelste ronde
1       APR BETON       34.226
10      JELLE DN        35.333
11      JULES D.        35.403
12      ¨       35.674
13      HENK OP HOL 🐴  35.782
14      SENNEE30        35.888
Baan record 270cc
#       Piloot  Snelste ronde
1       FEYAERTS.A      32.737
1290    CHL0E   35.674
1291    NETTE   35.674
1292    ¨       35.674
1293    VINCENT 04      35.675
1294    PATATJE2.0      35.676